1 1 08:01 58.2 512 1046 1146 1584 728 1723 1065 451
2 1 08:18 40.1 870 221 1937 144 1997 259 480 91
3 1 08:33 11.5 85 1704 424 1363 1442 1567 1858 1252
1 2 08:46 1.8 1112 76 1477 1065 157 37 200 1405 574 16
4 1 08:48 47.9 333 758 1755 1668 1743 177 1902 6
2 2 09:03 55.5 978 1872 819 1416 228 1038 1648 112 91 1656
1 3 09:03 75.2 1725 886 1452 1825 1301 902
2 3 09:18 77.1 1891 1916 548 991 1268 809
3 3 09:32 25.7 579 559 1252 593 1888 1219
2 4 10:01 75.0 1264 1764 1409 320
3 4 10:16 22.6 512 171 625 164
1 1 10:32 23.4 1093 333 1052 1698 910 1180 1426 449
2 1 10:48 35.2 781 643 1111 1149 1808 1593 534 1337
3 1 11:03 55.3 750 1386 79 397 395 28 1634 1721
4 1 11:18 73.4 1398 1754 418 1995 1158 1256 479 545
1 2 11:47 18.8 1568 1924 1849 168 1027 664 1437 107 412 921
1 3 12:03 35.2 1348 103 1248 1309 1778 1937
2 2 12:02 77.4 330 550 943 1416 195 55 390 1280 1342 337
2 3 12:18 28.1 579 106 462 842 14 250
3 3 12:32 13.6 330 1612 365 434 652 836
2 4 13:02 10.0 1140 131 1839 950
3 4 13:17 15.9 566 379 1121 90
1 1 13:33 31.2 1937 1909 604 1701 501 1089 884 1617
2 1 13:47 67.1 1006 1724 409 1689 182 1731 1182 1832
3 1 14:01 77.5 136 377 1144 70 1168 749 515 61
4 1 14:16 34.2 602 1067 866 1332 1834 903 1421 1728
1 2 14:46 78.5 1666 1165 672 124 1312 73 1274 90 1152 60
1 3 15:03 29.1 1126 620 1342 1256 1077 59
2 2 15:03 1.5 65 1892 1375 1693 1657 775 1943 1064 1812 288
2 3 15:17 54.7 1114 1438 869 630 1783 323
3 3 15:32 54.5 172 1816 779 968 855 675
2 4 16:01 63.9 404 443 143 1947
3 4 16:16 39.2 1626 514 300 1125
1 1 16:33 15.9 1617 1673 1611 372 1507 1670 1492 930
2 1 16:46 6.9 547 1582 314 883 23 1476 1538 535
3 1 17:01 9.9 87 884 1149 759 1058 952 1093 1426
4 1 17:18 46.3 1234 1100 1164 658 324 1071 1938 1659
1 1 17:33 35.0 519 1239 968 1275 1808 69 855 485
2 1 17:48 14.1 477 1667 149 927 1601 737 853 1188
3 1 18:02 2.5 1915 292 735 430 1021 964 742 791
4 1 18:16 67.6 734 1136 1759 530 1911 847 1816 1976
1 3 19:03 75.1 1175 996 183 808 1847 1139
2 3 19:17 28.9 1989 1206 902 36 1207 1541
3 3 19:32 45.7 1837 182 1545 548 407 318
1 2 19:46 72.2 1752 470 489 1889 1193 1457 290 1923 1425 1550
2 2 20:02 52.2 1363 1113 747 480 809 903 1468 453 1760 562
2 4 20:36 75.0 1571 545 1684 1422
3 4 20:53 29.4 1504 1655 1497 125
